   1.037
 -0.8573
  -2.985
   -4.44
  -4.614
  -3.473
  -1.573
  0.1928
   1.001
   0.471
  -1.161
  -3.152
  -4.584
  -4.788
  -3.643
  -1.631
   0.378
   1.523
   1.343
-0.01686
   -1.87
  -3.299
  -3.579
  -2.499
 -0.4663
   1.683
   3.061
   3.128
    1.94
  0.1224
  -1.419
  -1.904
  -1.037
  0.8573
   2.985
    4.44
   4.614
   3.473
   1.573
 -0.1928
  -1.001
  -0.471
   1.161
   3.152
   4.584
   4.788
   3.643
   1.631
  -0.378
  -1.523
  -1.343
 0.01686
    1.87
   3.299
   3.579
   2.499
  0.4663
  -1.683
  -3.061
  -3.128
   -1.94
 -0.1224
   1.419
   1.904
