  -9.703
  -13.23
  -10.31
  -3.137
   3.287
   4.718
  0.5023
  -6.166
  -10.57
  -9.689
  -4.197
   2.069
   4.701
   1.696
  -5.151
  -11.38
  -12.87
  -8.665
  -1.845
   2.535
  0.9656
  -5.852
  -13.25
  -15.79
  -11.24
  -2.463
   4.496
   4.761
  -1.585
  -9.325
  -11.85
  -6.179
   4.585
   13.37
   14.42
   7.727
 -0.8114
  -3.803
   1.954
   12.91
   21.35
   21.27
   12.99
   2.921
  -1.313
   3.299
   12.88
   19.67
   17.98
   8.521
  -2.268
  -7.125
  -3.442
   4.937
   10.79
   9.048
  0.4655
  -9.121
  -13.29
  -9.751
  -1.803
   4.329
   4.124
  -2.103
