  -1.175
  -2.608
  -2.899
  -2.138
 -0.6718
  0.9772
   2.235
   2.612
   1.826
 -0.1318
   -2.98
  -6.211
  -9.197
  -11.33
  -12.17
  -11.52
  -9.486
  -6.445
  -2.961
  0.3484
   2.951
   4.515
   4.979
   4.557
   3.671
   2.842
   2.553
    3.12
   4.606
   6.794
   9.227
   11.31
   12.45
   12.18
   10.31
   6.921
   2.432
  -2.534
  -7.254
  -11.05
  -13.43
  -14.18
  -13.39
  -11.42
  -8.797
  -6.106
  -3.838
  -2.295
  -1.532
  -1.365
  -1.442
  -1.346
 -0.7196
  0.6321
   2.681
   5.172
    7.68
   9.709
   10.82
   10.72
   9.396
   7.056
   4.143
   1.215
