  -5.553
   1.313
   2.989
  -0.974
  -6.443
  -8.001
   -3.33
   4.856
   10.95
    10.9
   5.442
 -0.5737
  -2.106
   2.073
   8.505
   11.93
   9.484
   2.901
  -3.061
   -4.44
  -1.072
   3.559
    5.29
   2.551
  -2.634
  -6.498
  -6.535
   -3.22
  0.7188
   2.612
   1.768
 -0.3708
  -1.659
 -0.8909
   1.588
   4.489
   6.625
   7.508
   7.279
   6.384
   5.387
   4.939
   5.544
   7.083
   8.522
   8.354
   5.734
   1.451
  -2.272
  -3.323
  -1.515
  0.9253
  0.8898
  -3.066
  -9.239
  -13.79
   -13.7
   -9.34
  -4.451
  -3.289
  -7.135
  -13.04
  -16.01
  -13.01
