   3.264
   1.234
 -0.3627
  -1.324
  -1.511
 -0.8474
  0.6586
   2.875
   5.519
   8.167
   10.31
   11.48
   11.34
   9.855
   7.333
   4.365
   1.712
 0.09302
-0.03555
   1.356
   3.819
   6.519
   8.449
   8.727
   6.869
   2.975
  -2.254
   -7.67
  -11.97
  -14.08
  -13.43
  -10.16
  -5.111
  0.4013
   4.929
   7.283
   6.855
   3.773
  -1.136
  -6.594
  -11.23
  -13.94
   -14.2
  -12.17
  -8.606
  -4.617
  -1.352
  0.3432
  0.1359
  -1.728
  -4.531
  -7.315
  -9.163
  -9.445
  -7.972
  -5.007
  -1.161
   2.798
   6.146
   8.369
   9.245
   8.843
   7.448
   5.452
