  -5.274
   -1.98
   2.887
    4.23
  0.2864
  -5.675
   -8.16
  -4.332
   3.342
   9.024
   8.383
   2.199
  -4.395
  -6.336
  -2.846
   2.183
   3.849
  0.6497
  -4.268
  -6.036
  -2.518
   3.699
   7.535
   5.843
  0.1325
  -4.812
  -5.126
  -1.148
   3.081
    3.56
-0.07199
  -4.305
  -5.022
  -1.286
   3.789
   5.848
    3.22
  -1.592
  -4.207
  -2.368
   1.995
   4.518
   2.432
  -2.802
  -6.659
  -5.549
-0.08024
    5.37
   6.446
   2.616
  -2.409
  -4.043
 -0.9881
   3.567
   4.833
  0.8569
  -5.469
   -8.73
  -5.688
   1.751
   7.973
   8.324
   2.998
  -3.249
