  -1.592
  -3.813
  -4.518
  -3.329
  -1.107
  0.5955
  0.5517
  -1.281
  -3.642
  -4.705
  -3.238
   0.494
     4.7
    6.97
   5.666
  0.9836
  -4.944
  -9.038
  -8.862
   -3.95
   3.848
   11.22
   15.01
   13.69
   8.047
  0.5906
  -5.785
   -9.22
  -9.596
  -8.221
  -6.781
  -6.225
  -6.258
  -5.711
  -3.484
  0.5476
   5.279
    8.94
   10.14
   8.719
   5.911
    3.58
   3.064
   4.271
   5.626
   4.966
   0.904
  -6.126
  -13.79
  -18.86
  -18.81
  -13.17
  -3.847
   5.712
   12.16
   13.75
      11
   6.191
   1.979
 0.03896
  0.3611
   1.576
   2.012
  0.8076
