   11.23
   8.229
   3.928
   1.314
    1.64
   3.605
   4.454
   2.175
  -2.852
  -7.986
  -10.17
  -8.117
  -3.323
  0.9878
   2.101
 -0.2914
  -3.939
  -5.709
  -3.881
  0.6242
   4.949
   6.406
   4.439
  0.9786
  -1.044
 0.06503
   3.429
   6.183
   5.556
  0.9474
  -5.519
  -10.39
  -11.23
  -8.229
  -3.928
  -1.314
   -1.64
  -3.605
  -4.454
  -2.175
   2.852
   7.986
   10.17
   8.117
   3.323
 -0.9878
  -2.101
  0.2914
   3.939
   5.709
   3.881
 -0.6242
  -4.949
  -6.406
  -4.439
 -0.9786
   1.044
-0.06503
  -3.429
  -6.183
  -5.556
 -0.9474
   5.519
   10.39
