   6.689
   6.922
   5.657
   3.048
 -0.5592
  -4.675
  -8.726
  -12.13
  -14.38
  -15.11
  -14.14
   -11.5
  -7.429
  -2.351
   3.201
   8.642
   13.42
   17.07
    19.3
   19.98
   19.18
   17.16
   14.29
   10.99
   7.717
   4.853
   2.673
   1.314
  0.7681
  0.8962
   1.463
   2.187
    2.79
    3.05
   2.834
   2.125
   1.012
 -0.3229
  -1.644
  -2.707
   -3.31
  -3.331
  -2.756
  -1.688
 -0.3368
   1.016
   2.059
   2.507
   2.147
  0.8882
  -1.224
  -3.997
  -7.115
  -10.18
  -12.77
   -14.5
  -15.07
  -14.34
  -12.34
  -9.281
  -5.524
  -1.546
   2.132
    5.01
