  -1.956
  -3.073
  -3.312
  -2.406
 -0.4208
   2.261
   5.033
   7.217
   8.235
   7.755
   5.783
   2.664
 -0.9833
  -4.413
   -6.92
  -7.999
   -7.46
  -5.466
  -2.487
  0.8147
   3.744
   5.734
   6.477
   5.982
   4.557
   2.711
   1.017
 -0.0521
 -0.2521
  0.3615
   1.443
   2.448
   2.776
   1.948
 -0.2484
  -3.662
  -7.778
   -11.8
   -14.8
  -15.96
  -14.71
  -10.95
  -5.031
   2.212
   9.652
   16.06
   20.37
   21.84
   20.26
   15.96
   9.742
    2.71
   -3.94
  -9.166
  -12.28
  -13.04
   -11.7
  -8.891
  -5.464
  -2.281
-0.02135
  0.9571
  0.6785
 -0.4899
