     6.9
   4.125
   2.703
   3.192
   5.064
   6.997
   7.582
   6.074
   2.816
 -0.8826
  -3.379
   -3.53
  -1.319
   2.039
   4.605
    4.62
   1.384
  -4.314
  -10.43
  -14.53
  -14.88
  -11.28
  -5.253
  0.5196
   3.353
   1.742
  -3.915
  -11.41
   -17.6
  -19.76
  -16.74
  -9.555
 -0.9425
   5.717
   7.844
    4.75
  -2.055
  -9.499
  -14.24
  -14.09
  -8.898
 -0.6162
    7.55
   12.51
   12.56
   8.091
    1.31
  -4.704
  -7.341
  -5.529
 -0.1154
   6.591
   11.87
   13.78
   11.91
   7.499
   2.729
 -0.2433
  -0.256
   2.428
   6.353
   9.626
   10.83
   9.639
