   5.154
   2.928
 -0.1258
  -4.097
  -8.402
  -11.78
  -12.74
  -10.22
  -4.307
   3.563
   10.94
    15.2
   14.63
   9.209
  0.7293
  -7.756
   -13.1
  -13.32
   -8.39
 -0.3367
   7.589
   12.19
   11.63
    6.14
  -2.029
  -9.585
  -13.51
  -12.29
  -6.462
   1.642
   8.907
   12.71
   11.95
   7.376
   1.128
  -4.241
  -6.886
   -6.38
   -3.75
 -0.8568
  0.5748
 -0.1955
  -2.579
   -4.97
  -5.561
  -3.271
   1.641
   7.583
   12.24
   13.56
   10.64
   4.123
  -3.959
  -11.02
  -14.87
  -14.54
  -10.49
  -4.336
   1.908
   6.613
   9.046
   9.409
   8.457
   6.934
