  -1.124
  -2.575
  -3.431
  -3.562
  -3.138
  -2.461
  -1.775
   -1.16
 -0.5759
 0.01793
    0.55
  0.8389
   0.714
  0.1781
 -0.5064
 -0.8907
 -0.5583
  0.6204
    2.35
   3.988
    4.82
   4.415
   2.855
  0.7346
  -1.107
  -1.972
  -1.631
 -0.4133
  0.9687
   1.776
   1.587
   0.465
  -1.124
  -2.575
  -3.431
  -3.562
  -3.138
  -2.461
  -1.775
   -1.16
 -0.5759
 0.01793
    0.55
  0.8389
   0.714
  0.1781
 -0.5064
 -0.8907
 -0.5583
  0.6204
    2.35
   3.988
    4.82
   4.415
   2.855
  0.7346
  -1.107
  -1.972
  -1.631
 -0.4133
  0.9687
   1.776
   1.587
   0.465
