   7.504
   1.632
  -5.685
  -10.42
   -9.78
  -3.909
   4.012
   9.436
   9.143
   3.311
  -4.419
   -9.12
  -7.692
   -0.92
    6.96
   10.96
   8.545
   1.278
   -6.25
  -9.371
  -6.269
  0.9994
   7.922
   10.35
   6.906
 -0.4019
  -7.515
  -10.67
  -8.357
   -1.99
   4.974
    8.83
   7.504
   1.632
  -5.685
  -10.42
   -9.78
  -3.909
   4.012
   9.436
   9.143
   3.311
  -4.419
   -9.12
  -7.692
   -0.92
    6.96
   10.96
   8.545
   1.278
   -6.25
  -9.371
  -6.269
  0.9994
   7.922
   10.35
   6.906
 -0.4019
  -7.515
  -10.67
  -8.357
   -1.99
   4.974
    8.83
