   1.887
   1.248
 -0.2424
  -2.002
  -3.164
  -2.956
  -1.106
   1.921
   5.008
   6.777
   6.182
   3.017
  -1.872
  -6.805
  -9.884
  -9.745
  -6.164
 -0.2337
   5.986
   10.23
   10.93
   7.797
   2.031
  -4.183
  -8.507
  -9.371
  -6.592
  -1.423
   3.966
   7.378
   7.472
   4.293
 -0.7746
  -5.595
  -8.161
  -7.401
  -3.592
   1.781
   6.645
   9.168
    8.46
   4.868
 -0.2223
  -4.976
  -7.823
  -8.014
  -5.802
  -2.225
    1.38
   3.909
   4.847
   4.331
   2.938
    1.35
 0.05256
 -0.7948
   -1.29
  -1.603
  -1.798
   -1.78
   -1.38
 -0.5302
  0.5921
   1.565
