  -6.536
  -9.906
  -15.11
  -19.04
  -18.38
  -12.18
  -2.887
   5.048
   7.956
   5.265
 -0.3485
  -5.011
  -6.413
  -5.268
  -4.471
  -6.617
  -11.77
  -17.15
  -19.04
   -15.5
  -7.846
 0.06034
   4.446
   4.121
    1.14
   -0.86
  0.5874
   4.943
   9.081
   9.644
   5.596
 -0.9028
  -5.943
  -6.588
  -2.888
   2.279
   5.407
   4.973
   2.538
   1.517
   4.523
   11.23
   18.35
   21.77
   19.39
   12.48
    4.82
 0.05242
 -0.7127
  0.6537
   1.046
  -1.265
  -5.126
   -7.27
  -4.795
   2.444
   11.34
   17.35
   17.41
   11.82
   3.892
  -2.435
  -5.247
  -5.662
