  -2.342
   1.675
  0.2978
  -4.093
  -5.359
 -0.4176
   7.115
   10.36
   6.164
  -1.755
  -6.687
  -5.844
  -2.945
  -3.851
  -9.916
  -16.19
  -16.42
  -9.636
  -1.321
   2.054
 -0.5529
  -4.096
  -3.165
   2.037
   5.833
   3.167
   -4.79
  -11.52
  -11.66
  -6.312
  -1.653
  -2.271
  -6.375
  -7.853
  -2.997
   5.284
   10.26
   8.281
   2.514
 -0.4354
   2.554
   7.933
   9.386
   4.652
  -1.955
  -4.012
  0.2873
    6.26
   7.704
   3.458
  -1.378
 -0.8622
   5.453
   11.96
   12.79
   7.891
   2.884
   3.012
   7.489
   10.33
   6.756
  -1.551
  -7.976
  -7.658
