  -9.342
  -5.714
  -1.135
   1.434
  0.8008
  -1.605
  -2.822
  -0.597
   4.873
   10.98
   14.49
   13.81
   10.05
   6.145
   4.666
    5.93
   7.804
   7.326
   2.969
  -4.121
  -10.82
  -14.19
  -13.44
  -10.43
  -8.204
  -8.668
  -11.21
  -13.14
  -11.72
  -6.242
    1.31
   7.601
   10.22
   9.301
   7.293
   7.059
     9.7
   13.71
   16.07
   14.47
   9.099
   2.555
  -1.915
  -2.678
   -0.79
   0.887
 -0.1303
  -4.066
  -8.682
  -10.91
  -9.127
  -4.372
  0.3229
    2.08
  0.1913
  -3.442
  -5.769
  -4.864
  -1.364
   2.008
   2.456
 -0.7907
  -5.846
  -9.465
