  -8.862
  -18.09
  -23.66
  -22.12
   -14.3
  -4.951
  0.7575
   1.014
  -1.718
  -3.305
  -1.701
   1.456
   2.703
  0.2814
  -3.929
  -5.859
  -2.817
   4.034
   10.54
   13.04
    11.4
   8.921
   9.142
   12.48
   15.61
   14.33
   7.244
  -2.701
  -10.44
  -12.69
  -10.21
  -6.679
  -5.157
   -5.56
  -5.258
  -2.198
   2.439
   4.653
  0.9576
  -8.237
  -18.24
  -23.19
  -20.25
  -11.39
  -1.395
   5.895
   10.07
   13.22
   16.84
   19.62
   18.38
   11.28
  0.4589
  -8.622
  -10.86
  -5.254
   4.338
   12.17
   14.71
   12.63
   9.134
    6.51
    4.07
 -0.6823
