 -0.1036
 -0.6822
  -2.664
  -5.734
  -9.003
  -11.23
   -11.3
  -8.708
  -3.945
   1.567
   5.916
   7.442
   5.449
  0.5985
  -5.241
  -9.662
  -10.66
  -7.489
  -1.029
    6.48
   12.29
   14.23
    11.6
    5.53
  -1.494
   -6.56
  -7.519
  -3.856
   3.082
   10.62
   15.84
   16.71
   12.94
   6.053
  -1.243
  -6.135
  -6.827
  -3.222
   3.091
   9.513
   13.49
    13.5
   9.599
   3.288
  -3.121
  -7.458
  -8.493
  -6.318
  -2.179
   2.118
   4.936
   5.389
   3.542
  0.2299
  -3.395
  -6.335
  -8.053
  -8.511
  -7.997
  -6.874
   -5.41
  -3.765
  -2.105
 -0.7321
