 -0.5146
   4.618
   8.195
   6.598
  -0.187
  -8.453
  -13.29
  -11.82
  -4.981
   3.367
   8.962
   9.584
   5.863
  0.3593
  -4.114
  -5.776
  -4.301
 -0.6188
   3.518
   6.088
   5.599
    1.99
  -2.962
   -6.35
  -5.893
  -1.685
   3.456
   5.666
   2.791
  -3.738
  -9.485
  -9.909
   -3.62
   6.361
   14.37
   15.75
   9.783
-0.02292
  -8.387
  -11.61
  -9.507
  -4.828
 -0.9664
  0.2658
 -0.6436
  -1.799
  -1.414
   1.144
   5.204
   9.228
   11.38
   10.11
    4.83
  -3.388
  -11.68
  -16.35
  -14.81
  -7.416
   2.265
   9.296
   10.38
   6.026
  0.1433
  -2.689
