   1.114
  0.6361
  0.8863
  0.9083
 -0.1256
  -2.418
  -5.404
  -8.039
  -9.352
  -8.953
  -7.206
  -4.997
  -3.222
  -2.317
  -2.082
  -1.889
  -1.134
  0.3478
   2.163
   3.597
   4.061
   3.477
   2.348
    1.48
   1.492
   2.436
   3.741
   4.534
   4.164
   2.614
  0.5625
  -0.969
  -1.178
 0.05266
   2.061
   3.741
    4.12
   2.876
  0.4819
  -2.068
  -3.811
  -4.318
  -3.877
   -3.26
  -3.227
  -4.064
   -5.42
   -6.53
  -6.679
  -5.624
   -3.72
  -1.692
  -0.178
  0.6525
   1.183
   2.073
   3.792
   6.246
   8.733
   10.28
   10.16
   8.354
   5.549
   2.834
