   3.031
   -2.82
  -8.274
  -10.56
  -8.269
  -2.052
   5.656
   11.69
   13.56
   10.55
   4.057
  -3.068
  -7.771
  -8.162
  -4.334
   1.714
   7.018
   9.014
   6.714
   1.149
  -5.112
  -9.157
  -9.079
   -4.87
   1.548
   7.188
   9.349
   6.857
  0.6192
  -6.754
   -12.1
  -13.11
  -9.339
  -2.413
   4.726
   9.133
   9.173
   5.223
 -0.5388
  -5.163
  -6.302
    -3.3
   2.503
    8.38
   11.48
   10.16
   4.732
  -2.587
  -8.698
  -10.98
  -8.484
  -2.352
   4.674
   9.473
   9.938
     5.9
 -0.8177
  -7.239
  -10.59
  -9.542
  -4.795
   1.275
   5.726
   6.424
