   1.887
   1.223
  -1.277
  -3.725
  -3.555
-0.007273
   4.635
   6.499
   3.341
  -3.169
  -8.265
   -7.68
  -1.207
   6.759
   10.36
    6.76
  -1.634
  -8.902
  -10.04
  -4.557
   3.425
   8.477
    7.78
   2.692
  -2.906
  -5.738
   -5.13
   -2.59
 0.08427
   2.164
   3.744
   4.595
   3.723
  0.3876
  -4.404
  -7.724
   -6.61
  -0.732
    6.57
   10.22
   7.152
 -0.9938
  -8.713
  -10.55
  -5.193
   3.465
   9.257
   8.343
    1.92
   -4.99
  -7.545
  -4.614
  0.8438
   4.543
    4.28
   1.214
   -1.69
  -2.381
  -1.156
  0.1984
  0.4199
 -0.1055
 -0.1001
  0.9213
