  -3.141
  -3.619
  -4.165
  -4.469
  -4.108
   -2.72
 -0.2066
   3.135
   6.609
   9.278
   10.25
   8.993
   5.597
    0.84
  -3.958
  -7.279
  -7.866
  -5.144
   0.523
   7.856
   14.96
   19.84
   20.98
   17.84
   11.04
   2.245
   -6.26
  -12.21
  -14.02
  -11.21
  -4.591
    3.96
   12.05
   17.42
   18.59
   15.26
   8.342
 -0.2982
  -8.417
  -14.02
  -15.92
  -13.99
  -9.155
  -3.065
   2.448
   5.882
   6.459
   4.282
  0.2084
  -4.477
  -8.479
  -10.87
  -11.29
  -9.997
  -7.656
  -5.088
  -2.983
  -1.717
  -1.305
  -1.494
  -1.931
  -2.337
  -2.613
  -2.832
