  -6.025
  -6.979
   -7.24
   -6.82
   -5.82
   -4.42
  -2.854
  -1.382
 -0.2493
  0.3418
  0.2644
  -0.515
   -1.93
  -3.819
   -5.95
  -8.043
  -9.811
     -11
   -11.4
  -10.92
  -9.548
  -7.375
  -4.588
  -1.441
   1.782
   4.793
    7.34
    9.23
   10.35
   10.68
   10.27
    9.26
   7.814
    6.13
   4.395
   2.769
   1.367
  0.2529
 -0.5607
  -1.101
  -1.421
  -1.583
  -1.638
   -1.62
  -1.533
  -1.354
  -1.041
 -0.5466
  0.1687
   1.118
   2.279
   3.585
   4.927
   6.164
    7.14
   7.706
   7.741
   7.175
   6.003
   4.294
   2.185
 -0.1281
  -2.419
  -4.453
