  -7.645
  -11.62
   -10.8
  -5.747
  0.7677
   5.555
   6.904
   5.253
   2.344
  -0.344
  -2.641
  -5.451
  -9.516
  -14.25
  -17.68
  -17.71
  -13.75
  -7.548
  -2.402
  -1.175
  -4.426
   -9.93
  -13.99
  -13.69
  -8.642
  -1.045
   5.796
   9.517
   9.853
   8.264
   6.472
   5.117
   3.535
  0.7643
  -3.134
  -6.577
  -7.325
  -4.135
   2.014
   8.158
   11.04
   9.188
   3.965
  -1.191
  -2.853
  0.3195
   6.888
   13.69
   17.86
    18.4
   16.34
    13.5
   10.98
    8.51
   5.072
  0.2829
  -4.741
  -7.799
   -7.12
  -2.875
   2.517
   5.664
   4.319
  -1.099
